0,1022,1039,411,1101,1723,2132,1472
1022,0,1837,2075,2524,701,941,2498
1039,1837,0,627,1552,2017,1763,1602
411,2075,627,0,910,1532,1772,1348
1101,2524,1552,910,0,2712,2941,2228
1723,701,2017,1532,2712,0,207,1067
2132,941,1763,1772,2941,207,0,1445
1472,2498,1602,1348,2228,1067,1445,0
