0,2017,543,1798,2027,1731,3459,1153,2363,1853
2017,0,2200,888,1401,1935,2142,3474,1565,1841
543,2200,0,2608,2574,2856,4269,980,2828,2978
1798,888,2608,0,2403,1710,2322,2585,744,1291
2027,1401,2574,2403,0,3056,2449,3108,2890,3178
1731,1935,2856,1710,3056,0,3493,2158,2052,1887
3459,2142,4269,2322,2449,3493,0,3878,2303,2584
1153,3474,980,2585,3108,2158,3878,0,3222,2712
2363,1565,2828,744,2890,2052,2303,3222,0,441
1853,1841,2978,1291,3178,1887,2584,2712,441,0
